//Exported ASCII-File
[Header]
FileName = C:\Users\reoml\Desktop\Mestrado\mapa raman\Mapa Raman_GO e rGO.WIP
ImageName = Scan_002_Spec.Data 1_F: Min & Max -> Maximum [1509.5 rel. 1/cm -> 1683.4 rel. 1/cm]
PointsPerLine = 61
LinesPerImage = 61
ScanUnit = µm
ScanWidth = 30
ScanHeight = 30
ScanOriginX = -9.24899959564209
ScanOriginY = 4.88899993896484
ScanOriginZ = 0
DataUnit = CCD cts
[Data]
 9.73024E+01	 8.63820E+01	 9.69993E+01	 1.07934E+02	 1.29373E+02	 1.18117E+02	 9.63049E+01	 5.74633E+01	 4.14697E+01	 4.93545E+01	 6.28667E+01	 5.35065E+01	 3.42174E+01	 2.87025E+01	 2.67766E+01	 4.83083E+01	 8.40037E+01	 8.98124E+01	 7.46008E+01	 7.34855E+01	 6.05209E+01	 3.54877E+01	 1.86658E+01	 2.17921E+01	 3.43186E+01	 4.54113E+01	 6.01405E+01	 6.71455E+01	 7.09746E+01	 8.31366E+01	 9.00394E+01	 8.73906E+01	 8.39775E+01	 7.03820E+01	 6.07877E+01	 8.57738E+01	 1.38068E+02	 1.19849E+02	 7.04548E+01	 5.50617E+01	 3.51901E+01	 1.68365E+01	 1.48627E+01	 2.04549E+01	 3.46542E+01	 6.56055E+01	 5.43909E+01	 2.86285E+01	 2.61098E+01	 4.20336E+01	 4.79825E+01	 6.20612E+01	 6.54026E+01	 4.54841E+01	 3.58513E+01	 1.81285E+01	 2.99951E+01	 6.35357E+01	 8.01913E+01	 7.17104E+01	 6.61391E+01
 1.03706E+02	 1.24313E+02	 1.36321E+02	 1.15097E+02	 9.67275E+01	 8.23327E+01	 6.95198E+01	 5.95711E+01	 4.04612E+01	 3.88639E+01	 5.06847E+01	 4.47519E+01	 5.24866E+01	 5.42750E+01	 5.46590E+01	 5.57060E+01	 8.48944E+01	 8.35606E+01	 7.43563E+01	 7.03220E+01	 5.19905E+01	 3.80465E+01	 2.83495E+01	 2.17862E+01	 2.69056E+01	 3.45246E+01	 4.94006E+01	 6.12381E+01	 7.28648E+01	 9.12337E+01	 1.05258E+02	 1.06013E+02	 9.38236E+01	 8.23508E+01	 8.39782E+01	 1.18368E+02	 1.50378E+02	 1.30600E+02	 8.41919E+01	 5.53648E+01	 3.87671E+01	 2.85703E+01	 2.53585E+01	 3.40866E+01	 4.67420E+01	 4.43211E+01	 3.30531E+01	 2.70009E+01	 2.07159E+01	 3.26302E+01	 4.08318E+01	 6.54017E+01	 6.82927E+01	 3.87948E+01	 2.68195E+01	 3.38381E+01	 5.00711E+01	 8.51063E+01	 6.91913E+01	 7.17964E+01	 8.40806E+01
 7.71224E+01	 8.83144E+01	 1.00744E+02	 9.28236E+01	 8.59769E+01	 7.82022E+01	 7.82355E+01	 7.81886E+01	 6.77603E+01	 5.48581E+01	 4.57241E+01	 3.87388E+01	 3.28653E+01	 3.74729E+01	 4.27325E+01	 4.27065E+01	 7.20446E+01	 7.59168E+01	 6.31763E+01	 6.04754E+01	 5.64333E+01	 5.17239E+01	 4.95131E+01	 4.92563E+01	 3.69872E+01	 2.97900E+01	 3.51497E+01	 3.76653E+01	 4.81453E+01	 6.70512E+01	 8.17579E+01	 8.89702E+01	 8.18828E+01	 7.63734E+01	 8.37605E+01	 1.17842E+02	 1.23075E+02	 1.04108E+02	 9.28343E+01	 7.73971E+01	 5.50198E+01	 4.38019E+01	 4.38429E+01	 5.02060E+01	 5.95847E+01	 6.56161E+01	 6.30784E+01	 4.38455E+01	 2.59347E+01	 1.83264E+01	 1.89056E+01	 2.34625E+01	 2.70764E+01	 4.26148E+01	 4.78468E+01	 5.04570E+01	 6.96879E+01	 1.02481E+02	 8.66693E+01	 6.44012E+01	 6.45719E+01
 1.15600E+02	 1.21071E+02	 9.98514E+01	 8.81063E+01	 7.13036E+01	 6.98041E+01	 8.26189E+01	 7.89306E+01	 6.64198E+01	 6.72955E+01	 6.43991E+01	 5.00711E+01	 5.36671E+01	 7.61328E+01	 8.59688E+01	 8.08391E+01	 8.99599E+01	 8.40549E+01	 6.78073E+01	 5.45129E+01	 5.06767E+01	 6.13089E+01	 8.80489E+01	 9.26119E+01	 5.94067E+01	 2.70472E+01	 2.78229E+01	 3.70360E+01	 5.16148E+01	 6.11820E+01	 6.85276E+01	 6.35998E+01	 5.19675E+01	 4.84847E+01	 6.87381E+01	 1.05533E+02	 1.16180E+02	 9.42745E+01	 6.15646E+01	 4.61528E+01	 5.11671E+01	 4.34517E+01	 4.19526E+01	 4.23725E+01	 4.89904E+01	 5.26624E+01	 4.54097E+01	 3.74961E+01	 2.72604E+01	 2.50874E+01	 4.12860E+01	 4.06228E+01	 3.29164E+01	 3.31258E+01	 4.05960E+01	 5.12388E+01	 6.93400E+01	 1.14120E+02	 1.16477E+02	 8.02714E+01	 5.99941E+01
 1.15717E+02	 1.26966E+02	 1.11199E+02	 8.66014E+01	 7.91750E+01	 8.75260E+01	 7.19103E+01	 6.11390E+01	 5.19347E+01	 5.54630E+01	 5.01046E+01	 5.58343E+01	 9.84779E+01	 1.29580E+02	 1.12423E+02	 8.50246E+01	 1.04199E+02	 9.65700E+01	 7.04922E+01	 6.59504E+01	 6.17783E+01	 6.96611E+01	 8.96555E+01	 8.84138E+01	 6.00522E+01	 4.22611E+01	 4.30275E+01	 5.36969E+01	 5.89206E+01	 7.29184E+01	 8.22275E+01	 7.88914E+01	 5.57955E+01	 5.37175E+01	 5.13787E+01	 6.84522E+01	 7.75211E+01	 5.79487E+01	 3.46155E+01	 3.33019E+01	 3.62812E+01	 3.63874E+01	 3.33366E+01	 3.41933E+01	 4.22802E+01	 4.46550E+01	 3.54302E+01	 2.39491E+01	 1.98187E+01	 3.08455E+01	 5.82965E+01	 6.98689E+01	 6.97534E+01	 6.06148E+01	 6.15398E+01	 6.09219E+01	 7.95314E+01	 1.03151E+02	 8.63180E+01	 6.53047E+01	 6.24159E+01
 1.05659E+02	 1.17100E+02	 1.20791E+02	 1.21630E+02	 1.14117E+02	 1.01177E+02	 9.66671E+01	 7.10288E+01	 4.09524E+01	 4.02420E+01	 4.06289E+01	 5.10692E+01	 1.01118E+02	 1.28035E+02	 8.96913E+01	 5.42314E+01	 5.51303E+01	 6.20797E+01	 5.59739E+01	 6.49333E+01	 5.55400E+01	 4.27880E+01	 4.64891E+01	 7.05041E+01	 8.35827E+01	 7.06370E+01	 5.52750E+01	 5.94219E+01	 6.56987E+01	 6.41275E+01	 8.36116E+01	 1.15253E+02	 8.84012E+01	 6.35654E+01	 5.71339E+01	 5.94267E+01	 6.19347E+01	 4.66483E+01	 3.86957E+01	 4.79471E+01	 5.05730E+01	 4.69471E+01	 5.08299E+01	 5.84668E+01	 5.83400E+01	 5.61047E+01	 3.27917E+01	 2.29145E+01	 3.49102E+01	 4.98661E+01	 6.99413E+01	 8.60499E+01	 7.78306E+01	 8.50720E+01	 8.89594E+01	 7.47370E+01	 9.23236E+01	 1.16961E+02	 8.61630E+01	 6.08400E+01	 5.25784E+01
 1.05979E+02	 9.96512E+01	 1.15546E+02	 1.27404E+02	 1.09414E+02	 8.85378E+01	 9.11625E+01	 6.59298E+01	 4.41315E+01	 5.85357E+01	 7.14076E+01	 7.31952E+01	 1.48350E+02	 1.59970E+02	 8.34922E+01	 5.56139E+01	 6.22422E+01	 6.42750E+01	 6.97711E+01	 7.57637E+01	 6.47603E+01	 5.48089E+01	 5.31497E+01	 5.13839E+01	 6.87568E+01	 7.66638E+01	 4.85883E+01	 3.99153E+01	 5.39888E+01	 5.97405E+01	 7.72946E+01	 8.07470E+01	 9.63200E+01	 8.62268E+01	 6.92305E+01	 7.95760E+01	 7.98374E+01	 4.94510E+01	 3.34418E+01	 4.37263E+01	 5.21546E+01	 5.18563E+01	 5.06919E+01	 6.17004E+01	 6.32784E+01	 4.28481E+01	 2.53887E+01	 3.96487E+01	 4.74167E+01	 4.74394E+01	 6.21952E+01	 7.46063E+01	 6.80197E+01	 7.50371E+01	 7.80806E+01	 8.82021E+01	 1.04368E+02	 9.36116E+01	 7.11744E+01	 4.13185E+01	 2.98585E+01
 1.15504E+02	 9.50219E+01	 1.17180E+02	 1.36791E+02	 1.00347E+02	 8.47134E+01	 6.17775E+01	 7.11008E+01	 8.97605E+01	 1.54990E+02	 1.41963E+02	 9.33828E+01	 1.33686E+02	 1.28932E+02	 8.36653E+01	 4.51664E+01	 5.79271E+01	 6.79513E+01	 9.92887E+01	 9.92436E+01	 7.42629E+01	 7.83905E+01	 6.49905E+01	 6.15069E+01	 6.25866E+01	 6.29118E+01	 4.07402E+01	 3.01736E+01	 4.35866E+01	 7.32441E+01	 7.57612E+01	 5.35189E+01	 6.38333E+01	 8.17233E+01	 1.06236E+02	 7.61059E+01	 5.98219E+01	 4.14112E+01	 2.94817E+01	 5.25197E+01	 6.29413E+01	 7.64849E+01	 6.91476E+01	 5.72133E+01	 3.77010E+01	 2.63212E+01	 2.80826E+01	 5.67811E+01	 9.50646E+01	 7.54504E+01	 7.56054E+01	 6.99510E+01	 6.58581E+01	 9.25834E+01	 8.39384E+01	 1.08706E+02	 1.39680E+02	 1.14006E+02	 7.85369E+01	 5.34968E+01	 3.95142E+01
 7.30262E+01	 7.94362E+01	 9.08731E+01	 1.00597E+02	 9.95815E+01	 7.72792E+01	 6.26373E+01	 6.92896E+01	 1.04056E+02	 1.30386E+02	 1.19122E+02	 6.51408E+01	 7.34050E+01	 9.05465E+01	 5.20883E+01	 4.71653E+01	 8.72818E+01	 1.05032E+02	 7.86987E+01	 8.82268E+01	 9.42878E+01	 7.62629E+01	 8.32926E+01	 8.74993E+01	 6.68102E+01	 5.43481E+01	 3.28252E+01	 3.08941E+01	 4.46396E+01	 6.58836E+01	 6.58474E+01	 5.87133E+01	 7.36390E+01	 1.22608E+02	 1.71292E+02	 1.44401E+02	 9.02890E+01	 4.06824E+01	 1.72246E+01	 5.08366E+01	 5.28400E+01	 7.31263E+01	 8.10935E+01	 4.22541E+01	 3.99331E+01	 4.52402E+01	 4.21438E+01	 6.11462E+01	 9.98743E+01	 1.02377E+02	 5.47915E+01	 4.26301E+01	 5.19239E+01	 5.38040E+01	 8.01414E+01	 1.22807E+02	 1.40897E+02	 1.03419E+02	 6.07965E+01	 3.60939E+01	 4.10200E+01
 4.20250E+01	 3.84841E+01	 3.30336E+01	 3.70628E+01	 5.98031E+01	 7.09855E+01	 5.77582E+01	 5.49740E+01	 8.61517E+01	 1.04931E+02	 7.21800E+01	 5.02676E+01	 3.42597E+01	 4.44633E+01	 3.56822E+01	 3.85446E+01	 6.89473E+01	 7.82783E+01	 8.13508E+01	 8.79187E+01	 7.96328E+01	 7.49219E+01	 9.09227E+01	 9.84498E+01	 7.37965E+01	 6.24922E+01	 8.19932E+01	 6.68040E+01	 4.44832E+01	 3.77341E+01	 5.93763E+01	 7.83614E+01	 1.04187E+02	 9.42601E+01	 9.68514E+01	 1.48410E+02	 1.35901E+02	 4.10275E+01	 1.58536E+01	 2.06694E+01	 3.34249E+01	 5.43019E+01	 5.18269E+01	 3.45703E+01	 3.98366E+01	 4.93112E+01	 6.06112E+01	 7.85079E+01	 9.14888E+01	 1.02056E+02	 7.40065E+01	 7.32190E+01	 6.02926E+01	 6.89756E+01	 1.00670E+02	 9.62094E+01	 8.23629E+01	 8.58542E+01	 6.11862E+01	 3.67325E+01	 3.05323E+01
 4.59714E+01	 3.01694E+01	 4.14968E+01	 6.46504E+01	 6.69968E+01	 6.20612E+01	 5.48468E+01	 4.93896E+01	 6.49419E+01	 7.63508E+01	 7.17099E+01	 6.12783E+01	 4.82026E+01	 3.89513E+01	 4.36910E+01	 5.31311E+01	 6.86662E+01	 9.63724E+01	 1.28097E+02	 1.08374E+02	 8.56063E+01	 6.89968E+01	 7.66774E+01	 7.76255E+01	 5.84554E+01	 5.75896E+01	 7.56615E+01	 6.74849E+01	 5.62946E+01	 4.61782E+01	 4.93297E+01	 6.29993E+01	 8.86358E+01	 8.55720E+01	 9.38101E+01	 1.35218E+02	 1.32938E+02	 5.50769E+01	 2.12527E+01	 2.02831E+01	 2.93675E+01	 4.23840E+01	 3.81940E+01	 3.23719E+01	 5.07170E+01	 8.48106E+01	 1.29593E+02	 1.54422E+02	 1.65803E+02	 1.50310E+02	 1.43195E+02	 1.09136E+02	 9.30754E+01	 7.81256E+01	 8.29956E+01	 8.09849E+01	 7.57405E+01	 7.25720E+01	 6.38124E+01	 6.27125E+01	 4.77090E+01
 8.86129E+01	 7.04298E+01	 6.08040E+01	 6.31491E+01	 6.51405E+01	 4.42705E+01	 3.41913E+01	 5.32133E+01	 5.62429E+01	 5.94995E+01	 7.26478E+01	 8.91586E+01	 9.59159E+01	 8.23477E+01	 5.81733E+01	 4.69396E+01	 5.52090E+01	 7.86671E+01	 9.43792E+01	 1.05022E+02	 9.17279E+01	 6.82869E+01	 5.62860E+01	 4.51228E+01	 3.84050E+01	 4.10431E+01	 5.55176E+01	 6.32612E+01	 7.12076E+01	 6.95883E+01	 6.65540E+01	 6.65017E+01	 7.42021E+01	 8.09810E+01	 7.48828E+01	 7.80806E+01	 5.97422E+01	 4.47175E+01	 4.30018E+01	 4.38639E+01	 4.36971E+01	 3.94164E+01	 3.73203E+01	 3.90617E+01	 5.92441E+01	 8.56936E+01	 1.04332E+02	 1.14094E+02	 1.10184E+02	 1.22508E+02	 1.31974E+02	 9.21615E+01	 7.29026E+01	 7.46962E+01	 7.28678E+01	 7.61862E+01	 8.39219E+01	 7.02627E+01	 7.07168E+01	 7.01913E+01	 5.20357E+01
 1.35727E+02	 9.52470E+01	 6.33039E+01	 5.85431E+01	 5.36054E+01	 3.94714E+01	 2.72205E+01	 3.58983E+01	 4.79086E+01	 6.45883E+01	 7.71635E+01	 7.55549E+01	 7.12993E+01	 6.96119E+01	 5.43112E+01	 4.14457E+01	 4.30476E+01	 4.93648E+01	 8.08616E+01	 1.15623E+02	 1.06311E+02	 7.97241E+01	 6.27133E+01	 4.47840E+01	 4.06909E+01	 4.36054E+01	 5.26031E+01	 6.65827E+01	 7.02190E+01	 5.54590E+01	 5.23297E+01	 6.14162E+01	 7.13518E+01	 7.96948E+01	 7.78171E+01	 6.75594E+01	 5.72726E+01	 5.76444E+01	 5.15357E+01	 5.62541E+01	 6.40898E+01	 5.62811E+01	 3.96664E+01	 3.17235E+01	 3.93620E+01	 5.72750E+01	 8.21774E+01	 9.75129E+01	 9.01325E+01	 1.04495E+02	 1.26544E+02	 1.23677E+02	 8.59003E+01	 6.64485E+01	 7.21189E+01	 7.38689E+01	 6.81189E+01	 5.90176E+01	 3.67823E+01	 2.66194E+01	 4.04681E+01
 1.11829E+02	 8.62878E+01	 8.68056E+01	 9.93469E+01	 8.48616E+01	 6.19590E+01	 5.80711E+01	 8.70786E+01	 8.28435E+01	 6.45357E+01	 5.66148E+01	 5.34410E+01	 6.39162E+01	 8.20549E+01	 6.91879E+01	 4.92347E+01	 4.15749E+01	 3.21664E+01	 4.10448E+01	 6.14866E+01	 7.13347E+01	 6.28154E+01	 5.56167E+01	 6.37734E+01	 7.75464E+01	 7.51263E+01	 5.85426E+01	 6.19922E+01	 5.36148E+01	 5.51605E+01	 5.66833E+01	 5.26396E+01	 4.88496E+01	 5.97765E+01	 6.33841E+01	 5.86112E+01	 6.88306E+01	 7.66928E+01	 6.73220E+01	 4.46390E+01	 2.66749E+01	 2.29672E+01	 2.19345E+01	 2.79055E+01	 4.05959E+01	 4.25323E+01	 4.89282E+01	 6.86444E+01	 9.21974E+01	 1.06767E+02	 1.12061E+02	 8.65499E+01	 6.54458E+01	 5.62611E+01	 5.37802E+01	 4.56612E+01	 3.93259E+01	 4.64433E+01	 3.70763E+01	 3.34270E+01	 5.62261E+01
 9.54267E+01	 9.31659E+01	 8.73979E+01	 8.55720E+01	 8.50760E+01	 7.73792E+01	 8.60557E+01	 8.30214E+01	 5.05692E+01	 4.32259E+01	 4.95189E+01	 5.83269E+01	 5.99576E+01	 6.50148E+01	 7.40754E+01	 7.70710E+01	 6.19462E+01	 4.24974E+01	 5.62505E+01	 4.89090E+01	 5.71546E+01	 5.44090E+01	 4.67297E+01	 4.91275E+01	 6.01551E+01	 7.49413E+01	 7.05219E+01	 5.23089E+01	 5.37468E+01	 7.49822E+01	 8.61684E+01	 6.50424E+01	 6.20683E+01	 7.27418E+01	 6.66639E+01	 6.77678E+01	 7.18797E+01	 6.57530E+01	 5.77965E+01	 5.57676E+01	 3.52642E+01	 2.55651E+01	 2.82594E+01	 3.59705E+01	 4.59866E+01	 5.64675E+01	 6.63474E+01	 7.22474E+01	 9.94289E+01	 1.09824E+02	 9.37991E+01	 8.51336E+01	 7.15369E+01	 5.52432E+01	 3.65094E+01	 2.92715E+01	 4.45820E+01	 6.04633E+01	 5.57053E+01	 5.01054E+01	 5.74854E+01
 6.54888E+01	 9.38058E+01	 9.86789E+01	 8.25262E+01	 8.73820E+01	 5.71289E+01	 4.38388E+01	 4.07691E+01	 4.08547E+01	 5.52167E+01	 7.37227E+01	 6.34067E+01	 7.02104E+01	 8.96292E+01	 9.03400E+01	 7.79171E+01	 6.16774E+01	 5.02965E+01	 5.60082E+01	 5.28554E+01	 4.75743E+01	 5.71581E+01	 4.73297E+01	 5.35018E+01	 3.91629E+01	 5.64625E+01	 5.47945E+01	 6.61605E+01	 6.08800E+01	 6.64016E+01	 7.16798E+01	 8.26243E+01	 1.18860E+02	 1.20479E+02	 1.02914E+02	 9.09227E+01	 6.79522E+01	 5.80311E+01	 4.73236E+01	 3.36971E+01	 2.54346E+01	 2.39486E+01	 3.45138E+01	 7.27612E+01	 1.14391E+02	 1.36832E+02	 1.69816E+02	 1.60342E+02	 1.46569E+02	 1.01982E+02	 8.61732E+01	 7.26320E+01	 6.68293E+01	 5.15685E+01	 4.91055E+01	 3.98360E+01	 6.25882E+01	 9.00177E+01	 8.18049E+01	 5.91279E+01	 5.07288E+01
 7.38211E+01	 1.11990E+02	 1.05466E+02	 8.45279E+01	 1.03379E+02	 4.41771E+01	 3.05832E+01	 3.13077E+01	 3.44538E+01	 5.58172E+01	 8.76570E+01	 5.75732E+01	 5.46167E+01	 5.93689E+01	 6.41913E+01	 6.45137E+01	 4.38800E+01	 4.87347E+01	 5.88318E+01	 5.30579E+01	 4.02234E+01	 5.78293E+01	 9.24634E+01	 7.90351E+01	 7.43498E+01	 5.77931E+01	 5.23057E+01	 5.47948E+01	 6.34409E+01	 6.74434E+01	 5.80284E+01	 8.91116E+01	 1.05762E+02	 1.44474E+02	 1.21981E+02	 7.69413E+01	 5.17084E+01	 4.11840E+01	 5.25883E+01	 4.57388E+01	 2.81585E+01	 2.24672E+01	 2.66389E+01	 5.75426E+01	 1.20466E+02	 1.55267E+02	 1.56666E+02	 1.40310E+02	 1.49643E+02	 1.08599E+02	 9.53971E+01	 9.17370E+01	 8.40539E+01	 7.16815E+01	 6.24546E+01	 6.19347E+01	 8.58978E+01	 8.53596E+01	 7.88035E+01	 6.19719E+01	 5.72102E+01
 7.87094E+01	 1.01238E+02	 8.74139E+01	 7.89051E+01	 5.71833E+01	 3.33258E+01	 2.75806E+01	 2.93332E+01	 4.14581E+01	 5.81845E+01	 5.10793E+01	 5.28953E+01	 5.77017E+01	 6.49247E+01	 6.92828E+01	 7.32094E+01	 4.81698E+01	 3.69353E+01	 3.62468E+01	 3.65656E+01	 2.95607E+01	 3.05200E+01	 4.99577E+01	 7.03962E+01	 8.13183E+01	 6.64345E+01	 8.64232E+01	 9.15137E+01	 7.54554E+01	 6.39118E+01	 7.71913E+01	 8.58927E+01	 8.58101E+01	 8.87530E+01	 7.15129E+01	 3.21739E+01	 2.09951E+01	 2.34923E+01	 4.91782E+01	 4.53639E+01	 2.59667E+01	 2.35855E+01	 2.82514E+01	 4.09164E+01	 7.00732E+01	 8.77887E+01	 8.93724E+01	 8.39521E+01	 9.02853E+01	 8.10190E+01	 8.41585E+01	 7.49745E+01	 7.72101E+01	 6.74162E+01	 5.16301E+01	 4.29409E+01	 6.33474E+01	 7.71732E+01	 1.16767E+02	 8.96570E+01	 6.08284E+01
 8.84086E+01	 7.66503E+01	 6.79668E+01	 5.52432E+01	 3.82946E+01	 3.53694E+01	 3.44586E+01	 3.82642E+01	 7.10827E+01	 9.60949E+01	 8.61798E+01	 8.34768E+01	 6.39027E+01	 5.11191E+01	 7.05769E+01	 7.07269E+01	 7.02653E+01	 5.08060E+01	 4.06824E+01	 5.86771E+01	 6.09379E+01	 5.64396E+01	 4.40703E+01	 5.62393E+01	 5.61853E+01	 7.80017E+01	 1.07195E+02	 1.23472E+02	 1.10025E+02	 7.51178E+01	 9.78107E+01	 1.03522E+02	 8.70297E+01	 6.92603E+01	 5.85541E+01	 3.48415E+01	 1.92484E+01	 2.50812E+01	 3.90069E+01	 4.31639E+01	 3.89067E+01	 4.66324E+01	 4.62869E+01	 5.08962E+01	 5.47341E+01	 6.39462E+01	 4.74409E+01	 4.74434E+01	 5.89276E+01	 7.10997E+01	 6.23112E+01	 5.70974E+01	 4.82172E+01	 4.47461E+01	 5.30695E+01	 5.75426E+01	 5.02240E+01	 5.02505E+01	 8.93183E+01	 8.87892E+01	 5.62518E+01
 5.11194E+01	 4.50159E+01	 4.91396E+01	 4.22288E+01	 3.81667E+01	 4.67750E+01	 4.47823E+01	 5.41866E+01	 7.96404E+01	 8.72530E+01	 7.84756E+01	 6.55377E+01	 5.77355E+01	 5.79684E+01	 6.10297E+01	 6.01987E+01	 5.67133E+01	 4.44577E+01	 3.02423E+01	 3.70323E+01	 5.45016E+01	 5.60159E+01	 4.56161E+01	 3.62691E+01	 4.82974E+01	 8.28057E+01	 1.24635E+02	 1.23950E+02	 8.67256E+01	 4.93019E+01	 4.82354E+01	 4.48419E+01	 4.85055E+01	 4.27288E+01	 3.26613E+01	 2.88545E+01	 2.40178E+01	 2.31704E+01	 3.35200E+01	 5.03915E+01	 4.80176E+01	 5.11336E+01	 5.18533E+01	 4.44527E+01	 4.77077E+01	 5.28547E+01	 5.21653E+01	 4.62931E+01	 7.49922E+01	 1.02051E+02	 7.90891E+01	 6.25027E+01	 6.33648E+01	 5.90103E+01	 5.12750E+01	 5.58655E+01	 5.33938E+01	 5.55111E+01	 6.89184E+01	 8.51297E+01	 7.57305E+01
 4.81040E+01	 4.33307E+01	 3.94210E+01	 4.02451E+01	 5.10807E+01	 7.69003E+01	 8.35760E+01	 5.58318E+01	 4.37974E+01	 4.30589E+01	 4.12277E+01	 5.13728E+01	 5.47495E+01	 5.94854E+01	 7.20719E+01	 8.16066E+01	 8.72436E+01	 7.21638E+01	 4.12062E+01	 3.25628E+01	 6.46876E+01	 9.00201E+01	 8.48229E+01	 5.83306E+01	 4.56833E+01	 4.93219E+01	 6.00334E+01	 6.31527E+01	 5.42784E+01	 4.99560E+01	 3.99299E+01	 3.23195E+01	 2.87338E+01	 2.21194E+01	 2.21250E+01	 3.75970E+01	 5.79995E+01	 4.99452E+01	 4.29524E+01	 4.81504E+01	 5.08531E+01	 4.73400E+01	 5.84234E+01	 5.10654E+01	 4.72700E+01	 5.33366E+01	 6.86320E+01	 7.13709E+01	 9.24115E+01	 1.03231E+02	 8.29580E+01	 6.81639E+01	 5.79469E+01	 4.49822E+01	 4.66667E+01	 7.11847E+01	 8.87892E+01	 8.43435E+01	 8.24070E+01	 7.75034E+01	 7.52060E+01
 6.21896E+01	 6.84060E+01	 6.52965E+01	 6.35148E+01	 6.52422E+01	 6.00654E+01	 5.30540E+01	 3.89318E+01	 3.48394E+01	 4.67606E+01	 5.40684E+01	 5.98648E+01	 6.20827E+01	 7.38400E+01	 8.81116E+01	 1.04704E+02	 1.16028E+02	 1.05386E+02	 7.05455E+01	 6.72883E+01	 1.09169E+02	 1.43604E+02	 1.34819E+02	 9.66998E+01	 7.28327E+01	 7.58423E+01	 7.15109E+01	 6.69918E+01	 4.90736E+01	 3.20939E+01	 2.76120E+01	 2.66095E+01	 2.50034E+01	 2.78332E+01	 4.59817E+01	 6.94410E+01	 8.62094E+01	 8.04866E+01	 6.53432E+01	 5.67354E+01	 6.55034E+01	 7.11684E+01	 6.25034E+01	 6.06263E+01	 6.72648E+01	 9.74822E+01	 1.08239E+02	 9.27021E+01	 7.69697E+01	 7.62991E+01	 7.68678E+01	 7.11178E+01	 6.04655E+01	 4.35945E+01	 3.58804E+01	 6.32984E+01	 8.30657E+01	 8.38073E+01	 8.42792E+01	 7.61671E+01	 6.09440E+01
 6.15426E+01	 8.14428E+01	 6.92269E+01	 6.95465E+01	 8.16798E+01	 7.43383E+01	 5.37689E+01	 4.89271E+01	 6.08220E+01	 6.27896E+01	 8.30241E+01	 9.27129E+01	 7.97564E+01	 8.06406E+01	 9.50900E+01	 1.32919E+02	 1.54298E+02	 1.59531E+02	 1.41441E+02	 1.37456E+02	 1.34521E+02	 1.70751E+02	 1.92554E+02	 1.58289E+02	 1.24519E+02	 1.07052E+02	 9.77365E+01	 7.99115E+01	 5.32582E+01	 2.48802E+01	 2.23973E+01	 2.94056E+01	 3.42038E+01	 3.17794E+01	 5.62468E+01	 1.01916E+02	 1.10374E+02	 1.04196E+02	 9.33034E+01	 9.13972E+01	 8.98400E+01	 7.63106E+01	 5.94012E+01	 4.92314E+01	 6.40646E+01	 9.75969E+01	 1.13082E+02	 8.41008E+01	 6.44076E+01	 7.02643E+01	 6.49849E+01	 5.15445E+01	 4.65493E+01	 4.36733E+01	 3.10138E+01	 3.40346E+01	 5.10743E+01	 6.08146E+01	 5.88531E+01	 5.69457E+01	 4.82401E+01
 9.77275E+01	 9.29522E+01	 7.08089E+01	 5.89124E+01	 9.54427E+01	 9.40934E+01	 5.52850E+01	 5.75797E+01	 5.81985E+01	 5.38726E+01	 6.00538E+01	 5.56143E+01	 5.83148E+01	 6.02076E+01	 8.67436E+01	 1.12317E+02	 1.39915E+02	 1.43492E+02	 1.08496E+02	 1.29353E+02	 1.34952E+02	 1.59798E+02	 1.79639E+02	 1.99784E+02	 1.97097E+02	 1.65694E+02	 1.52734E+02	 1.15932E+02	 6.79854E+01	 3.31216E+01	 3.60472E+01	 4.08083E+01	 4.18737E+01	 3.95703E+01	 5.18661E+01	 7.97241E+01	 9.75489E+01	 8.90935E+01	 7.59888E+01	 7.92422E+01	 6.99504E+01	 8.06225E+01	 6.36833E+01	 5.36303E+01	 7.14560E+01	 6.72991E+01	 7.50036E+01	 9.06119E+01	 9.29362E+01	 7.21503E+01	 5.30357E+01	 4.59854E+01	 4.06462E+01	 4.04780E+01	 3.15154E+01	 3.84872E+01	 4.95974E+01	 5.71256E+01	 6.04754E+01	 6.60827E+01	 5.80780E+01
 1.33771E+02	 1.11340E+02	 7.49968E+01	 6.10431E+01	 8.62381E+01	 8.25099E+01	 4.57569E+01	 3.33646E+01	 2.60243E+01	 2.87280E+01	 4.38077E+01	 5.37429E+01	 5.37563E+01	 7.96913E+01	 1.22363E+02	 1.13487E+02	 9.96801E+01	 9.53542E+01	 8.89262E+01	 1.40137E+02	 1.50730E+02	 1.27891E+02	 1.23199E+02	 1.77486E+02	 1.93504E+02	 1.70316E+02	 1.52876E+02	 1.06879E+02	 6.60719E+01	 4.90894E+01	 5.96896E+01	 7.65998E+01	 7.72676E+01	 5.41667E+01	 4.41079E+01	 5.30612E+01	 7.91847E+01	 6.44004E+01	 5.72388E+01	 4.36590E+01	 4.35806E+01	 6.36031E+01	 7.39138E+01	 8.00827E+01	 9.33254E+01	 7.51279E+01	 8.65549E+01	 9.40754E+01	 9.94364E+01	 8.09126E+01	 4.53318E+01	 4.68388E+01	 4.80519E+01	 3.28012E+01	 3.42259E+01	 3.91194E+01	 6.40827E+01	 9.63101E+01	 9.25754E+01	 6.88254E+01	 5.54487E+01
 1.32727E+02	 1.22698E+02	 9.05720E+01	 7.43038E+01	 7.93463E+01	 6.56480E+01	 5.33555E+01	 4.07314E+01	 5.11498E+01	 3.23983E+01	 5.15250E+01	 3.54262E+01	 6.45654E+01	 8.13471E+01	 1.30496E+02	 9.53057E+01	 7.36879E+01	 8.29485E+01	 1.25627E+02	 1.59314E+02	 1.69495E+02	 1.24097E+02	 8.25589E+01	 1.17244E+02	 1.53316E+02	 1.67012E+02	 1.25775E+02	 9.93236E+01	 8.70549E+01	 6.86287E+01	 6.48388E+01	 1.03580E+02	 1.46069E+02	 9.33743E+01	 5.77125E+01	 5.92261E+01	 4.77263E+01	 3.71045E+01	 3.70589E+01	 3.24201E+01	 4.03169E+01	 5.54298E+01	 7.04124E+01	 7.82637E+01	 7.82942E+01	 6.81390E+01	 6.93915E+01	 8.22643E+01	 5.96576E+01	 6.90031E+01	 5.39167E+01	 3.67423E+01	 3.72372E+01	 4.76824E+01	 4.06556E+01	 4.67948E+01	 7.03136E+01	 1.07737E+02	 8.97792E+01	 6.66148E+01	 6.50945E+01
 9.79413E+01	 8.27828E+01	 8.13477E+01	 7.09340E+01	 5.97676E+01	 5.06771E+01	 5.06528E+01	 5.67631E+01	 6.65929E+01	 8.39271E+01	 1.09836E+02	 1.03144E+02	 1.09618E+02	 1.14670E+02	 1.11982E+02	 8.17950E+01	 8.92275E+01	 9.44413E+01	 1.12832E+02	 1.67068E+02	 1.72068E+02	 1.22260E+02	 7.60883E+01	 9.19413E+01	 1.17390E+02	 1.43017E+02	 1.11707E+02	 1.03720E+02	 9.77256E+01	 9.24039E+01	 6.87784E+01	 1.04033E+02	 1.25422E+02	 8.57877E+01	 6.90232E+01	 6.98816E+01	 4.67332E+01	 3.59790E+01	 3.38291E+01	 2.87992E+01	 2.89481E+01	 3.90312E+01	 4.01737E+01	 4.05656E+01	 3.84729E+01	 3.06375E+01	 4.16556E+01	 5.41374E+01	 6.41008E+01	 7.49347E+01	 6.20409E+01	 5.72430E+01	 5.90784E+01	 6.61161E+01	 4.88230E+01	 5.02317E+01	 5.81734E+01	 8.44125E+01	 1.03928E+02	 9.27714E+01	 6.57499E+01
 7.39306E+01	 6.50176E+01	 6.50540E+01	 5.62468E+01	 3.94324E+01	 4.47280E+01	 6.22099E+01	 6.84995E+01	 8.23757E+01	 1.17249E+02	 1.63796E+02	 1.60564E+02	 1.45564E+02	 1.75889E+02	 1.86625E+02	 1.65247E+02	 1.27279E+02	 1.01865E+02	 1.18365E+02	 1.44814E+02	 1.65637E+02	 9.45392E+01	 6.04440E+01	 6.86031E+01	 8.61798E+01	 1.04382E+02	 1.05659E+02	 9.00262E+01	 7.95148E+01	 9.27531E+01	 8.31913E+01	 1.03682E+02	 1.18046E+02	 1.09956E+02	 9.66941E+01	 7.21570E+01	 7.49668E+01	 8.49478E+01	 7.27534E+01	 3.99961E+01	 2.44651E+01	 2.45716E+01	 1.88714E+01	 2.18962E+01	 3.82411E+01	 4.19204E+01	 5.39216E+01	 7.07419E+01	 8.97989E+01	 1.00230E+02	 9.01521E+01	 7.38678E+01	 6.29027E+01	 5.32133E+01	 3.91324E+01	 4.25943E+01	 5.72270E+01	 8.04985E+01	 8.57370E+01	 8.93743E+01	 9.69086E+01
 4.15825E+01	 4.33173E+01	 6.09124E+01	 5.87555E+01	 4.91339E+01	 4.05894E+01	 4.84510E+01	 6.85784E+01	 8.91998E+01	 1.01124E+02	 1.18227E+02	 1.31312E+02	 1.24369E+02	 1.31950E+02	 1.39368E+02	 1.11347E+02	 9.78058E+01	 1.18521E+02	 1.47607E+02	 1.33379E+02	 1.05722E+02	 8.96063E+01	 7.46987E+01	 9.20211E+01	 9.63365E+01	 9.24733E+01	 8.75891E+01	 7.52305E+01	 7.22926E+01	 9.73327E+01	 1.14202E+02	 1.29159E+02	 1.50734E+02	 1.52637E+02	 1.37711E+02	 8.83400E+01	 6.73147E+01	 5.60540E+01	 5.06671E+01	 3.93896E+01	 3.86046E+01	 4.43546E+01	 3.31450E+01	 3.20764E+01	 4.85752E+01	 3.96235E+01	 4.42519E+01	 7.05654E+01	 1.13659E+02	 1.38908E+02	 1.12001E+02	 7.22762E+01	 4.83775E+01	 4.25711E+01	 5.13154E+01	 5.72468E+01	 6.37926E+01	 6.54919E+01	 7.11798E+01	 6.79233E+01	 6.97129E+01
 3.29418E+01	 3.81664E+01	 5.06409E+01	 7.34247E+01	 7.90112E+01	 5.90176E+01	 5.64452E+01	 7.35974E+01	 7.66879E+01	 6.97419E+01	 6.30540E+01	 6.09017E+01	 7.23755E+01	 1.05197E+02	 1.16039E+02	 1.20093E+02	 1.11227E+02	 1.01025E+02	 9.21913E+01	 6.12857E+01	 3.60695E+01	 4.03691E+01	 5.65369E+01	 7.75241E+01	 3.90213E+02	 3.15985E+02	 8.24881E+01	 9.25282E+01	 8.68449E+01	 8.20034E+01	 8.40129E+01	 9.04970E+01	 1.01582E+02	 1.09884E+02	 1.02416E+02	 9.16297E+01	 1.03722E+02	 1.02544E+02	 7.10557E+01	 5.01194E+01	 4.94920E+01	 5.61698E+01	 4.45883E+01	 2.39495E+01	 2.12534E+01	 2.85034E+01	 4.90290E+01	 6.73636E+01	 8.71150E+01	 1.07512E+02	 9.42310E+01	 6.73763E+01	 5.23546E+01	 5.70719E+01	 5.83038E+01	 5.63211E+01	 6.00797E+01	 6.35041E+01	 7.60512E+01	 9.55899E+01	 1.01340E+02
 4.42317E+01	 6.33803E+01	 6.70288E+01	 7.40155E+01	 7.34017E+01	 6.71732E+01	 7.37080E+01	 7.79668E+01	 8.63073E+01	 7.54386E+01	 5.56191E+01	 4.51428E+01	 4.21887E+01	 6.30493E+01	 8.68805E+01	 1.03006E+02	 9.48616E+01	 6.41618E+01	 4.05685E+01	 3.02366E+01	 1.89625E+01	 2.91131E+01	 5.40540E+01	 7.62142E+01	 8.98107E+01	 1.16155E+02	 1.31013E+02	 1.13301E+02	 8.80181E+01	 7.00231E+01	 7.57053E+01	 9.64956E+01	 1.00886E+02	 9.15050E+01	 8.33797E+01	 7.91913E+01	 9.85216E+01	 1.11812E+02	 9.29527E+01	 7.64458E+01	 9.34601E+01	 9.61114E+01	 7.80719E+01	 4.68983E+01	 2.73802E+01	 2.12420E+01	 3.68499E+01	 5.31517E+01	 7.78566E+01	 1.01414E+02	 9.12275E+01	 7.04274E+01	 7.51011E+01	 7.44932E+01	 5.88383E+01	 5.21390E+01	 5.92241E+01	 5.68648E+01	 7.60148E+01	 1.06778E+02	 1.12100E+02
 5.63318E+01	 6.63383E+01	 7.41551E+01	 7.01625E+01	 7.45392E+01	 8.14956E+01	 7.65027E+01	 8.55153E+01	 9.91119E+01	 9.81042E+01	 6.86806E+01	 5.03474E+01	 3.92099E+01	 5.60672E+01	 8.24362E+01	 8.13891E+01	 4.63503E+01	 3.64586E+01	 3.48481E+01	 2.63770E+01	 1.83152E+01	 2.37745E+01	 3.77046E+01	 6.25297E+01	 8.35843E+01	 1.14778E+02	 1.31753E+02	 1.13633E+02	 8.95712E+01	 7.90512E+01	 9.47129E+01	 1.08982E+02	 1.06376E+02	 1.04632E+02	 1.01775E+02	 9.82818E+01	 1.05306E+02	 9.71767E+01	 9.23724E+01	 9.36521E+01	 1.02471E+02	 9.33180E+01	 8.28955E+01	 6.49560E+01	 3.58938E+01	 2.91107E+01	 3.60806E+01	 4.64901E+01	 6.39027E+01	 7.86671E+01	 7.84983E+01	 8.22006E+01	 7.78498E+01	 7.68383E+01	 5.40250E+01	 5.05415E+01	 5.21922E+01	 4.88211E+01	 5.50112E+01	 7.14849E+01	 6.74017E+01
 3.88598E+01	 4.79767E+01	 7.95624E+01	 6.73797E+01	 6.17965E+01	 7.27254E+01	 7.56806E+01	 9.07202E+01	 1.08474E+02	 1.00391E+02	 7.35103E+01	 7.29452E+01	 6.91504E+01	 5.85040E+01	 6.68400E+01	 5.14570E+01	 4.72915E+01	 4.21462E+01	 2.93118E+01	 2.68043E+01	 2.49837E+01	 2.60716E+01	 4.09067E+01	 7.09413E+01	 9.14822E+01	 1.06543E+02	 1.02385E+02	 1.07749E+02	 1.09505E+02	 9.27564E+01	 9.06685E+01	 1.01384E+02	 1.17443E+02	 1.11541E+02	 8.48254E+01	 1.01640E+02	 1.06012E+02	 8.11750E+01	 8.76667E+01	 8.56297E+01	 7.08269E+01	 6.49362E+01	 4.87754E+01	 3.63545E+01	 3.12868E+01	 3.72689E+01	 4.42214E+01	 6.26940E+01	 8.37282E+01	 8.28971E+01	 8.40780E+01	 1.07949E+02	 8.29956E+01	 6.68763E+01	 5.37314E+01	 5.18004E+01	 6.12405E+01	 6.61798E+01	 4.37293E+01	 4.30797E+01	 5.10900E+01
 3.87106E+01	 5.17860E+01	 6.02629E+01	 5.20126E+01	 5.94353E+01	 7.00998E+01	 7.29918E+01	 7.28982E+01	 7.59941E+01	 7.77134E+01	 7.97305E+01	 1.00556E+02	 6.92292E+01	 6.66167E+01	 6.97305E+01	 6.06491E+01	 4.92359E+01	 5.76876E+01	 7.14668E+01	 8.18009E+01	 7.50951E+01	 4.88554E+01	 4.92367E+01	 6.27857E+01	 8.00103E+01	 1.03391E+02	 1.08409E+02	 1.24358E+02	 9.23286E+01	 7.32076E+01	 6.84576E+01	 7.36320E+01	 1.04556E+02	 8.29125E+01	 5.27468E+01	 5.39577E+01	 5.95793E+01	 5.24090E+01	 6.39560E+01	 6.89922E+01	 6.26767E+01	 4.39330E+01	 2.89672E+01	 3.23492E+01	 4.61438E+01	 7.08423E+01	 4.81698E+01	 4.37589E+01	 5.00369E+01	 7.03955E+01	 6.47965E+01	 5.72133E+01	 4.95207E+01	 3.55939E+01	 4.76214E+01	 4.79681E+01	 7.04560E+01	 6.00573E+01	 5.93915E+01	 6.86576E+01	 7.48228E+01
 5.39308E+01	 5.74739E+01	 5.20484E+01	 5.84560E+01	 7.03915E+01	 7.69233E+01	 7.08468E+01	 7.66767E+01	 8.33978E+01	 1.05129E+02	 1.15647E+02	 9.88858E+01	 4.84396E+01	 5.51453E+01	 5.18293E+01	 4.23923E+01	 5.48639E+01	 7.78581E+01	 9.19576E+01	 9.14079E+01	 8.24171E+01	 6.11957E+01	 6.65232E+01	 7.12017E+01	 9.06344E+01	 1.06691E+02	 1.11863E+02	 1.23533E+02	 1.07204E+02	 9.51224E+01	 7.52419E+01	 5.18117E+01	 4.75685E+01	 3.72181E+01	 4.95818E+01	 4.13683E+01	 4.27017E+01	 5.21438E+01	 6.97076E+01	 9.67021E+01	 8.22277E+01	 4.31446E+01	 3.32836E+01	 3.52227E+01	 6.14510E+01	 9.11297E+01	 5.97712E+01	 4.19586E+01	 3.69214E+01	 3.19777E+01	 2.41644E+01	 2.48083E+01	 3.07402E+01	 2.19299E+01	 1.76473E+01	 3.54526E+01	 5.24053E+01	 5.72026E+01	 6.83147E+01	 8.54956E+01	 5.87802E+01
 8.90754E+01	 7.92860E+01	 8.91638E+01	 8.42609E+01	 6.61847E+01	 4.99709E+01	 4.52631E+01	 5.33443E+01	 6.53293E+01	 1.01890E+02	 1.19894E+02	 8.77383E+01	 3.95396E+01	 4.12086E+01	 5.10360E+01	 5.86275E+01	 6.02277E+01	 6.64118E+01	 6.13432E+01	 6.65971E+01	 5.96081E+01	 5.42915E+01	 4.72354E+01	 5.55784E+01	 7.10573E+01	 9.88361E+01	 1.06512E+02	 1.01527E+02	 9.04413E+01	 9.02678E+01	 7.21370E+01	 4.53948E+01	 3.75088E+01	 5.48388E+01	 6.36733E+01	 8.05780E+01	 7.18254E+01	 8.30720E+01	 9.66224E+01	 8.69021E+01	 7.44232E+01	 6.99198E+01	 4.27473E+01	 5.44090E+01	 9.25105E+01	 8.60788E+01	 5.97157E+01	 5.22631E+01	 6.78531E+01	 6.38136E+01	 4.99162E+01	 4.37026E+01	 4.17432E+01	 2.20520E+01	 1.64562E+01	 3.23455E+01	 3.80131E+01	 2.89825E+01	 4.40685E+01	 4.34707E+01	 3.16590E+01
 1.15553E+02	 9.94936E+01	 1.01659E+02	 1.02702E+02	 7.15034E+01	 4.31095E+01	 3.32099E+01	 3.38875E+01	 5.37388E+01	 8.57530E+01	 8.00211E+01	 6.59126E+01	 3.53875E+01	 3.19841E+01	 4.55142E+01	 5.81517E+01	 6.17241E+01	 5.94422E+01	 6.78581E+01	 8.30848E+01	 8.42637E+01	 7.79413E+01	 6.84315E+01	 6.60424E+01	 7.44076E+01	 9.21840E+01	 8.03689E+01	 7.29116E+01	 6.78019E+01	 5.69968E+01	 4.68455E+01	 4.26079E+01	 6.14814E+01	 7.97190E+01	 8.26581E+01	 8.65465E+01	 8.71336E+01	 1.01612E+02	 1.43353E+02	 1.22813E+02	 9.39384E+01	 9.12445E+01	 7.68423E+01	 8.71874E+01	 1.32147E+02	 1.23271E+02	 8.77027E+01	 5.26517E+01	 5.31504E+01	 6.17129E+01	 8.56455E+01	 8.25692E+01	 5.42317E+01	 2.51847E+01	 3.23962E+01	 5.03347E+01	 3.67181E+01	 1.93513E+01	 2.82746E+01	 3.27167E+01	 3.06003E+01
 9.61112E+01	 8.62648E+01	 8.47942E+01	 9.84970E+01	 1.04647E+02	 6.32534E+01	 3.21824E+01	 2.85831E+01	 3.26462E+01	 4.45103E+01	 3.65866E+01	 2.82789E+01	 2.75437E+01	 3.81910E+01	 3.98725E+01	 3.77855E+01	 3.69667E+01	 4.34067E+01	 5.40538E+01	 6.13219E+01	 5.31590E+01	 6.07125E+01	 6.26733E+01	 6.94553E+01	 7.07931E+01	 6.20553E+01	 5.68836E+01	 5.08775E+01	 5.38661E+01	 5.49929E+01	 6.59452E+01	 7.64922E+01	 8.23567E+01	 9.36171E+01	 8.94347E+01	 8.19347E+01	 9.04070E+01	 9.91178E+01	 1.19528E+02	 1.41665E+02	 1.46103E+02	 1.25546E+02	 1.14330E+02	 1.23515E+02	 1.48593E+02	 1.35428E+02	 1.14523E+02	 7.62747E+01	 4.95279E+01	 4.44854E+01	 6.41852E+01	 9.12770E+01	 7.38232E+01	 4.18089E+01	 5.63269E+01	 7.44690E+01	 7.06504E+01	 5.00932E+01	 6.67292E+01	 4.35431E+01	 3.43804E+01
 4.95984E+01	 6.47869E+01	 6.83497E+01	 6.31618E+01	 7.36798E+01	 6.94522E+01	 5.04434E+01	 3.38526E+01	 3.04911E+01	 2.63083E+01	 3.26120E+01	 4.39298E+01	 5.27046E+01	 4.59067E+01	 4.09239E+01	 3.65716E+01	 3.34481E+01	 3.25396E+01	 4.34920E+01	 5.37261E+01	 4.23031E+01	 2.85180E+01	 2.95208E+01	 3.48850E+01	 3.40672E+01	 4.27968E+01	 6.84026E+01	 8.18391E+01	 7.07603E+01	 8.34527E+01	 9.77714E+01	 8.71650E+01	 7.30588E+01	 7.25692E+01	 6.58280E+01	 5.86433E+01	 7.19219E+01	 7.89741E+01	 7.44379E+01	 7.00519E+01	 7.88400E+01	 1.13089E+02	 1.29512E+02	 1.15585E+02	 1.00409E+02	 8.75557E+01	 9.68904E+01	 9.50712E+01	 8.31817E+01	 6.64026E+01	 7.62405E+01	 8.25896E+01	 7.04690E+01	 5.75843E+01	 5.43184E+01	 6.19553E+01	 5.38943E+01	 5.18977E+01	 7.12026E+01	 4.71845E+01	 2.83495E+01
 4.12860E+01	 7.62118E+01	 9.52690E+01	 7.36733E+01	 5.63725E+01	 5.24452E+01	 3.77924E+01	 3.77659E+01	 3.66003E+01	 2.99216E+01	 5.37857E+01	 8.64756E+01	 8.87027E+01	 6.68836E+01	 5.66324E+01	 4.28801E+01	 3.78547E+01	 4.90703E+01	 5.81046E+01	 5.01798E+01	 4.52317E+01	 3.68467E+01	 4.53077E+01	 5.56047E+01	 4.74707E+01	 5.71385E+01	 7.29769E+01	 7.66341E+01	 7.40262E+01	 5.93038E+01	 5.20860E+01	 6.46046E+01	 6.85538E+01	 5.41771E+01	 5.15703E+01	 6.53498E+01	 6.84805E+01	 6.47322E+01	 5.60254E+01	 4.61289E+01	 5.64709E+01	 8.21913E+01	 1.06074E+02	 1.17132E+02	 1.02817E+02	 6.73836E+01	 6.26879E+01	 8.87714E+01	 1.01432E+02	 8.30174E+01	 7.07277E+01	 7.22277E+01	 7.42993E+01	 6.54410E+01	 5.33327E+01	 4.85311E+01	 5.34379E+01	 4.99028E+01	 4.01289E+01	 4.03185E+01	 4.56047E+01
 5.55197E+01	 8.47816E+01	 7.76224E+01	 7.48870E+01	 7.70646E+01	 4.57429E+01	 3.95200E+01	 3.37767E+01	 3.04752E+01	 2.67353E+01	 4.27812E+01	 6.88260E+01	 8.42674E+01	 8.38734E+01	 7.42869E+01	 5.66047E+01	 4.26051E+01	 5.63602E+01	 8.19478E+01	 1.00155E+02	 9.17753E+01	 5.19968E+01	 4.87750E+01	 5.99352E+01	 5.67231E+01	 3.94707E+01	 3.54780E+01	 2.49115E+01	 3.03023E+01	 4.11462E+01	 3.66995E+01	 2.27151E+01	 1.89239E+01	 2.69042E+01	 4.97314E+01	 6.03112E+01	 5.26047E+01	 5.37026E+01	 5.08547E+01	 4.87401E+01	 4.36275E+01	 5.13191E+01	 6.68841E+01	 8.69991E+01	 7.73797E+01	 4.67410E+01	 4.27631E+01	 6.07468E+01	 7.86798E+01	 6.71112E+01	 5.03038E+01	 5.93763E+01	 6.97711E+01	 6.28614E+01	 5.37926E+01	 4.43383E+01	 5.23041E+01	 5.57802E+01	 5.54151E+01	 6.47609E+01	 8.48220E+01
 5.75684E+01	 5.64793E+01	 5.27432E+01	 4.90250E+01	 7.37965E+01	 7.02788E+01	 5.05380E+01	 4.07207E+01	 3.76146E+01	 3.86235E+01	 5.11798E+01	 8.33900E+01	 1.01071E+02	 1.03637E+02	 8.23295E+01	 7.00079E+01	 4.19498E+01	 5.07388E+01	 7.20512E+01	 7.64289E+01	 6.14517E+01	 5.85350E+01	 4.98646E+01	 4.43691E+01	 4.29707E+01	 5.50974E+01	 7.22241E+01	 6.99232E+01	 7.34198E+01	 6.75636E+01	 4.96225E+01	 4.30825E+01	 3.82069E+01	 5.37689E+01	 7.97818E+01	 6.71400E+01	 6.88678E+01	 5.92676E+01	 5.76667E+01	 6.70538E+01	 6.19434E+01	 5.24282E+01	 4.50866E+01	 5.70111E+01	 7.88306E+01	 5.94184E+01	 3.93348E+01	 3.76986E+01	 4.15016E+01	 4.17325E+01	 3.17453E+01	 4.12671E+01	 6.48423E+01	 6.69184E+01	 6.31713E+01	 7.32268E+01	 7.17076E+01	 6.60503E+01	 7.83853E+01	 9.98858E+01	 1.08194E+02
 4.58620E+01	 7.08603E+01	 1.03025E+02	 9.40720E+01	 7.96415E+01	 7.27275E+01	 5.63803E+01	 3.50131E+01	 3.20088E+01	 3.60826E+01	 4.19902E+01	 8.28391E+01	 1.12603E+02	 1.09046E+02	 9.29822E+01	 6.91256E+01	 7.19793E+01	 6.69560E+01	 7.47302E+01	 8.08757E+01	 9.04306E+01	 7.94413E+01	 6.45703E+01	 4.49817E+01	 4.16085E+01	 5.92945E+01	 6.65176E+01	 7.46287E+01	 8.21544E+01	 5.70866E+01	 4.89559E+01	 5.62945E+01	 7.58463E+01	 7.77493E+01	 8.82747E+01	 7.34664E+01	 8.61625E+01	 8.21668E+01	 6.39945E+01	 7.81625E+01	 7.49633E+01	 5.77010E+01	 5.62239E+01	 5.41862E+01	 7.18254E+01	 7.84554E+01	 6.73396E+01	 6.08775E+01	 4.98429E+01	 3.76649E+01	 2.91751E+01	 3.84454E+01	 7.37942E+01	 7.74086E+01	 6.28498E+01	 6.93269E+01	 5.21103E+01	 4.90929E+01	 4.77697E+01	 6.57541E+01	 8.05875E+01
 7.79936E+01	 8.63348E+01	 9.50010E+01	 9.61042E+01	 9.26162E+01	 7.70465E+01	 5.56228E+01	 4.71664E+01	 2.75788E+01	 2.69098E+01	 3.68946E+01	 8.67254E+01	 1.09033E+02	 1.15100E+02	 1.08289E+02	 9.28296E+01	 8.70827E+01	 7.41879E+01	 8.38327E+01	 7.13538E+01	 8.34849E+01	 6.93870E+01	 6.62269E+01	 5.83172E+01	 5.57857E+01	 4.76270E+01	 5.14929E+01	 6.09076E+01	 4.55077E+01	 2.52353E+01	 3.11749E+01	 5.77388E+01	 7.35254E+01	 6.44118E+01	 8.34983E+01	 7.95547E+01	 9.30034E+01	 7.83914E+01	 5.78439E+01	 5.43775E+01	 5.78836E+01	 7.11263E+01	 7.67965E+01	 7.29256E+01	 8.42493E+01	 6.62314E+01	 6.82633E+01	 8.85212E+01	 7.54017E+01	 5.80111E+01	 5.07611E+01	 5.44901E+01	 6.73734E+01	 4.47174E+01	 4.02671E+01	 4.29569E+01	 4.83742E+01	 4.58983E+01	 3.70981E+01	 3.92992E+01	 4.24752E+01
 8.12842E+01	 8.22013E+01	 6.22857E+01	 6.57468E+01	 9.52142E+01	 8.91226E+01	 5.24625E+01	 4.65065E+01	 6.01491E+01	 6.95311E+01	 6.87811E+01	 8.87256E+01	 9.16789E+01	 9.60461E+01	 7.14595E+01	 6.32241E+01	 6.91625E+01	 9.44250E+01	 8.67579E+01	 7.43841E+01	 6.65883E+01	 6.30393E+01	 6.46008E+01	 7.59668E+01	 7.99594E+01	 5.00870E+01	 3.98983E+01	 4.89330E+01	 4.05430E+01	 2.26847E+01	 2.25712E+01	 3.52194E+01	 3.68887E+01	 4.46653E+01	 5.84888E+01	 7.35431E+01	 8.50499E+01	 7.83327E+01	 6.07170E+01	 4.91216E+01	 3.98875E+01	 5.58060E+01	 8.39413E+01	 1.01598E+02	 1.12486E+02	 8.26255E+01	 8.11687E+01	 8.34932E+01	 7.18779E+01	 8.13563E+01	 7.03836E+01	 7.16093E+01	 7.99629E+01	 8.42648E+01	 4.98694E+01	 3.93631E+01	 3.07280E+01	 4.65617E+01	 3.71345E+01	 4.13438E+01	 4.66284E+01
 9.85049E+01	 8.75036E+01	 5.52432E+01	 3.60881E+01	 3.52777E+01	 4.95504E+01	 4.86339E+01	 5.00669E+01	 6.70350E+01	 8.23038E+01	 8.45148E+01	 8.86913E+01	 8.40392E+01	 6.97095E+01	 6.50553E+01	 6.91940E+01	 9.24684E+01	 1.28065E+02	 9.13514E+01	 6.45806E+01	 6.13841E+01	 5.42527E+01	 6.09225E+01	 7.49487E+01	 8.20292E+01	 7.48914E+01	 6.52712E+01	 6.76754E+01	 6.91320E+01	 5.49932E+01	 4.28801E+01	 4.10208E+01	 4.74707E+01	 5.33112E+01	 4.34153E+01	 5.06051E+01	 6.26618E+01	 6.35018E+01	 6.26155E+01	 5.24777E+01	 4.15812E+01	 3.29729E+01	 4.48429E+01	 7.79983E+01	 8.48498E+01	 7.42441E+01	 8.04922E+01	 9.00103E+01	 6.93763E+01	 5.74970E+01	 5.04037E+01	 5.93219E+01	 5.11438E+01	 5.90617E+01	 4.55311E+01	 3.99727E+01	 4.35531E+01	 4.89167E+01	 8.28726E+01	 8.62199E+01	 8.37784E+01
 8.69849E+01	 6.34452E+01	 3.24249E+01	 2.20977E+01	 2.55382E+01	 3.53845E+01	 5.68955E+01	 6.89805E+01	 5.31667E+01	 4.60807E+01	 5.38154E+01	 6.16279E+01	 6.24633E+01	 7.61991E+01	 8.35977E+01	 8.45148E+01	 8.22530E+01	 8.50096E+01	 7.17582E+01	 5.87525E+01	 5.62175E+01	 5.35929E+01	 6.32060E+01	 9.13361E+01	 9.89883E+01	 8.08146E+01	 6.68157E+01	 6.38192E+01	 7.14487E+01	 6.72811E+01	 5.59526E+01	 4.80504E+01	 4.93620E+01	 5.48845E+01	 5.10111E+01	 4.67084E+01	 6.84414E+01	 7.75827E+01	 6.07993E+01	 6.52133E+01	 6.66139E+01	 6.45797E+01	 6.34263E+01	 6.47877E+01	 6.79081E+01	 5.51443E+01	 5.07915E+01	 4.78982E+01	 3.41301E+01	 2.78545E+01	 3.16079E+01	 3.75025E+01	 3.29867E+01	 5.19740E+01	 5.85484E+01	 5.81443E+01	 5.36167E+01	 7.62643E+01	 1.22101E+02	 1.18659E+02	 1.05186E+02
 1.01934E+02	 7.43511E+01	 5.26971E+01	 4.06339E+01	 4.09707E+01	 4.14714E+01	 4.96071E+01	 5.69387E+01	 5.03770E+01	 4.74763E+01	 5.16194E+01	 4.75360E+01	 5.12750E+01	 7.05103E+01	 9.20297E+01	 1.04090E+02	 8.96063E+01	 7.14118E+01	 7.15148E+01	 6.85646E+01	 5.57419E+01	 5.94649E+01	 6.71018E+01	 7.32256E+01	 7.68106E+01	 6.09690E+01	 4.58172E+01	 4.30355E+01	 4.45342E+01	 4.80881E+01	 3.99584E+01	 3.42868E+01	 4.30019E+01	 5.01581E+01	 6.55040E+01	 6.01498E+01	 5.91275E+01	 7.40998E+01	 8.39769E+01	 9.78073E+01	 1.18482E+02	 1.23425E+02	 1.01227E+02	 7.86662E+01	 6.94419E+01	 6.83041E+01	 8.20654E+01	 8.63280E+01	 6.30350E+01	 3.76289E+01	 3.36051E+01	 3.26375E+01	 2.95066E+01	 5.24395E+01	 6.94206E+01	 5.58117E+01	 4.68154E+01	 3.97946E+01	 4.33885E+01	 5.15302E+01	 6.77909E+01
 9.98906E+01	 5.99590E+01	 3.90142E+01	 3.15862E+01	 3.99510E+01	 4.87541E+01	 4.49526E+01	 5.88211E+01	 7.80112E+01	 7.13581E+01	 5.55541E+01	 3.84527E+01	 3.85703E+01	 7.31341E+01	 1.12636E+02	 1.19716E+02	 9.03566E+01	 6.64822E+01	 6.41504E+01	 6.34462E+01	 6.12697E+01	 6.70426E+01	 6.81018E+01	 7.03900E+01	 7.64956E+01	 8.22199E+01	 6.65998E+01	 5.62181E+01	 5.45360E+01	 4.03802E+01	 2.70915E+01	 2.94651E+01	 3.67563E+01	 4.85126E+01	 6.18820E+01	 6.78040E+01	 5.36148E+01	 6.41444E+01	 9.13657E+01	 1.19123E+02	 1.35858E+02	 1.39013E+02	 1.36200E+02	 1.16647E+02	 9.60129E+01	 8.61733E+01	 6.81626E+01	 7.51526E+01	 6.83498E+01	 4.98169E+01	 3.39674E+01	 2.13118E+01	 2.72368E+01	 4.69546E+01	 5.84387E+01	 4.61715E+01	 3.50396E+01	 3.47411E+01	 3.36085E+01	 3.45703E+01	 4.50711E+01
 7.40624E+01	 5.02046E+01	 3.86339E+01	 3.93735E+01	 3.30825E+01	 4.01304E+01	 4.94219E+01	 6.33123E+01	 7.39185E+01	 6.94274E+01	 6.32027E+01	 3.81694E+01	 3.66802E+01	 5.67388E+01	 7.38154E+01	 8.16592E+01	 1.01581E+02	 8.59171E+01	 6.61148E+01	 5.54419E+01	 5.80968E+01	 7.08944E+01	 7.44458E+01	 7.27784E+01	 7.73864E+01	 8.30799E+01	 7.50465E+01	 4.99379E+01	 4.76054E+01	 4.62603E+01	 3.72341E+01	 3.59681E+01	 3.12181E+01	 3.39657E+01	 4.41183E+01	 8.43576E+01	 1.05729E+02	 1.02358E+02	 1.06850E+02	 8.97637E+01	 9.65680E+01	 1.10829E+02	 1.21864E+02	 1.10612E+02	 8.95736E+01	 7.83306E+01	 7.58508E+01	 8.49594E+01	 7.61444E+01	 5.27436E+01	 3.10651E+01	 2.85294E+01	 5.21952E+01	 6.80077E+01	 6.87697E+01	 7.86033E+01	 7.20283E+01	 6.71833E+01	 5.95974E+01	 5.22207E+01	 5.57008E+01
 6.23040E+01	 4.84395E+01	 5.62419E+01	 6.76139E+01	 4.66482E+01	 4.12081E+01	 6.48269E+01	 9.51913E+01	 1.46910E+02	 1.34330E+02	 1.01333E+02	 7.38327E+01	 7.07955E+01	 4.75246E+01	 5.98933E+01	 7.93033E+01	 9.63978E+01	 7.43614E+01	 6.73612E+01	 7.23019E+01	 8.24498E+01	 1.18159E+02	 1.22927E+02	 1.00211E+02	 7.80540E+01	 7.07892E+01	 7.28041E+01	 6.29822E+01	 5.02239E+01	 6.54162E+01	 6.50540E+01	 5.41989E+01	 4.85474E+01	 5.00866E+01	 8.17991E+01	 1.28387E+02	 1.23691E+02	 1.35807E+02	 1.15945E+02	 9.78906E+01	 8.42292E+01	 1.10970E+02	 1.37470E+02	 1.31134E+02	 1.08416E+02	 8.60143E+01	 7.02909E+01	 7.19849E+01	 9.10190E+01	 7.21957E+01	 3.78514E+01	 3.96822E+01	 8.06076E+01	 8.94139E+01	 7.99219E+01	 7.45923E+01	 4.60929E+01	 3.68620E+01	 4.70089E+01	 6.18036E+01	 1.02985E+02
 8.52892E+01	 7.98890E+01	 9.53671E+01	 9.17678E+01	 5.70176E+01	 6.43184E+01	 1.38269E+02	 2.14698E+02	 2.28084E+02	 1.96992E+02	 1.33154E+02	 8.61275E+01	 4.85894E+01	 4.28545E+01	 4.47569E+01	 4.89271E+01	 7.50360E+01	 6.70711E+01	 1.11219E+02	 1.27542E+02	 1.38012E+02	 1.43941E+02	 1.24249E+02	 1.02887E+02	 8.39428E+01	 7.02621E+01	 7.67060E+01	 5.86819E+01	 4.69257E+01	 3.60016E+01	 4.51576E+01	 4.56055E+01	 4.78088E+01	 6.89832E+01	 8.59413E+01	 1.01812E+02	 1.09654E+02	 1.32075E+02	 1.11988E+02	 1.05202E+02	 9.91496E+01	 9.52757E+01	 7.82164E+01	 6.52060E+01	 6.43047E+01	 6.65732E+01	 6.59970E+01	 6.08603E+01	 8.70201E+01	 9.05949E+01	 8.51206E+01	 6.33036E+01	 7.68841E+01	 7.39125E+01	 7.61767E+01	 6.16054E+01	 3.15294E+01	 3.91237E+01	 7.27432E+01	 9.89521E+01	 1.37731E+02
 7.19473E+01	 6.19267E+01	 7.98906E+01	 7.58106E+01	 5.77081E+01	 7.29995E+01	 1.29918E+02	 1.66738E+02	 1.50294E+02	 1.28586E+02	 8.93708E+01	 7.48477E+01	 6.34473E+01	 6.39454E+01	 5.81909E+01	 4.53429E+01	 6.39347E+01	 8.47017E+01	 8.81570E+01	 1.05056E+02	 1.20984E+02	 1.11478E+02	 1.03883E+02	 1.10762E+02	 9.24595E+01	 8.43763E+01	 7.37495E+01	 6.48546E+01	 5.28468E+01	 4.56390E+01	 4.13077E+01	 2.61013E+01	 4.27823E+01	 6.35176E+01	 6.37134E+01	 6.22133E+01	 7.20998E+01	 1.00964E+02	 9.33563E+01	 1.14905E+02	 1.29403E+02	 8.64991E+01	 4.76914E+01	 5.48293E+01	 5.81148E+01	 6.92762E+01	 9.34150E+01	 1.15107E+02	 1.09056E+02	 1.20760E+02	 9.72108E+01	 7.31206E+01	 4.11686E+01	 3.80360E+01	 6.38195E+01	 5.72931E+01	 3.94538E+01	 4.52259E+01	 4.00862E+01	 6.71120E+01	 1.41980E+02
 8.33706E+01	 7.12926E+01	 5.94590E+01	 4.66482E+01	 3.71045E+01	 4.27860E+01	 5.98297E+01	 7.56189E+01	 8.71635E+01	 9.56448E+01	 1.18031E+02	 1.31646E+02	 1.11858E+02	 1.25051E+02	 1.00425E+02	 7.70949E+01	 6.70129E+01	 8.62637E+01	 8.04149E+01	 6.54118E+01	 7.72495E+01	 9.53706E+01	 1.11927E+02	 1.15815E+02	 1.05124E+02	 9.19513E+01	 7.89690E+01	 6.08098E+01	 6.28135E+01	 4.94832E+01	 4.92401E+01	 4.11749E+01	 3.81649E+01	 5.82569E+01	 6.08474E+01	 6.19970E+01	 6.74855E+01	 7.53816E+01	 8.46864E+01	 9.15314E+01	 1.14459E+02	 6.95311E+01	 3.60242E+01	 4.17081E+01	 6.66063E+01	 8.16178E+01	 8.88449E+01	 7.99206E+01	 9.64618E+01	 1.27810E+02	 1.30371E+02	 9.47550E+01	 5.67869E+01	 5.96952E+01	 6.76054E+01	 5.71055E+01	 6.00017E+01	 5.92563E+01	 6.30148E+01	 1.17612E+02	 1.36711E+02
 5.27924E+01	 4.53135E+01	 3.61409E+01	 3.26235E+01	 2.89236E+01	 4.57823E+01	 7.69092E+01	 1.07112E+02	 1.28284E+02	 1.26324E+02	 1.32412E+02	 1.14709E+02	 9.91684E+01	 1.09512E+02	 9.57795E+01	 6.85513E+01	 5.18909E+01	 5.06845E+01	 4.70209E+01	 6.39274E+01	 8.36750E+01	 8.24298E+01	 9.58976E+01	 9.62241E+01	 1.03941E+02	 9.36112E+01	 7.27697E+01	 6.19457E+01	 6.14017E+01	 5.80311E+01	 6.45427E+01	 6.16649E+01	 5.85371E+01	 6.44454E+01	 7.17711E+01	 7.83955E+01	 8.39576E+01	 8.31774E+01	 6.32347E+01	 4.96762E+01	 5.57354E+01	 4.21567E+01	 2.65088E+01	 3.88325E+01	 6.86341E+01	 1.03659E+02	 9.94201E+01	 9.84941E+01	 1.20571E+02	 1.29191E+02	 9.56297E+01	 5.76625E+01	 5.28040E+01	 5.44050E+01	 5.61477E+01	 4.51815E+01	 4.38749E+01	 6.34731E+01	 9.41756E+01	 1.04590E+02	 1.20245E+02
 4.52062E+01	 3.90628E+01	 4.05617E+01	 3.94153E+01	 4.62946E+01	 6.73725E+01	 9.99289E+01	 1.33956E+02	 1.25882E+02	 1.33392E+02	 1.44220E+02	 1.17299E+02	 8.60489E+01	 7.15198E+01	 7.00069E+01	 6.13366E+01	 4.40919E+01	 3.11180E+01	 3.32835E+01	 4.49526E+01	 6.30589E+01	 6.34576E+01	 5.85900E+01	 8.15923E+01	 9.62942E+01	 8.63226E+01	 6.48474E+01	 6.78041E+01	 8.00455E+01	 9.47256E+01	 9.13334E+01	 7.30077E+01	 6.47293E+01	 7.47534E+01	 8.72337E+01	 8.27013E+01	 6.83423E+01	 7.16161E+01	 6.36148E+01	 4.60191E+01	 3.32338E+01	 2.71302E+01	 2.90208E+01	 4.11971E+01	 6.08038E+01	 7.59298E+01	 9.59991E+01	 1.12668E+02	 8.95270E+01	 5.43581E+01	 3.55955E+01	 3.09837E+01	 4.11210E+01	 4.34932E+01	 4.66228E+01	 4.52860E+01	 4.61337E+01	 5.38804E+01	 6.53977E+01	 9.29805E+01	 1.10318E+02
 5.25768E+01	 5.49396E+01	 8.35314E+01	 8.73771E+01	 8.76129E+01	 1.21191E+02	 1.52229E+02	 1.42597E+02	 1.18579E+02	 1.22219E+02	 1.50046E+02	 1.45337E+02	 1.15553E+02	 9.14699E+01	 6.43211E+01	 4.21131E+01	 2.70792E+01	 2.96899E+01	 4.46934E+01	 5.51054E+01	 5.74347E+01	 6.18136E+01	 5.52945E+01	 5.84379E+01	 7.60369E+01	 6.14457E+01	 5.49491E+01	 7.15977E+01	 8.80031E+01	 8.60450E+01	 7.24274E+01	 6.56155E+01	 5.99452E+01	 5.54633E+01	 6.01444E+01	 5.25974E+01	 4.00275E+01	 4.12090E+01	 4.97314E+01	 5.42432E+01	 4.62603E+01	 3.45907E+01	 4.33366E+01	 6.54232E+01	 8.42878E+01	 8.67878E+01	 7.71503E+01	 8.16189E+01	 7.81008E+01	 4.96409E+01	 2.48631E+01	 2.21473E+01	 4.01303E+01	 5.85103E+01	 6.24675E+01	 5.99239E+01	 6.70626E+01	 6.39338E+01	 4.71428E+01	 5.43933E+01	 9.65935E+01
 7.90624E+01	 8.16625E+01	 9.81008E+01	 9.72256E+01	 1.17347E+02	 1.48810E+02	 1.42959E+02	 1.34600E+02	 1.36892E+02	 1.25245E+02	 1.27702E+02	 1.17727E+02	 1.18709E+02	 1.05851E+02	 6.79081E+01	 4.89508E+01	 4.20848E+01	 3.93595E+01	 4.77642E+01	 6.23474E+01	 7.07094E+01	 6.11687E+01	 4.40504E+01	 4.08710E+01	 4.58804E+01	 4.30504E+01	 5.42569E+01	 8.14849E+01	 8.81575E+01	 8.68296E+01	 7.41148E+01	 5.66385E+01	 6.00536E+01	 4.89740E+01	 4.18169E+01	 4.00065E+01	 3.46945E+01	 3.22823E+01	 4.43798E+01	 6.01139E+01	 6.73297E+01	 5.52261E+01	 6.79162E+01	 9.21864E+01	 1.05772E+02	 8.70099E+01	 5.74854E+01	 4.51567E+01	 4.89452E+01	 4.32589E+01	 3.03203E+01	 2.47366E+01	 3.33801E+01	 5.25635E+01	 6.71958E+01	 6.61341E+01	 5.87783E+01	 6.25053E+01	 5.85019E+01	 6.67293E+01	 9.80861E+01
 6.63836E+01	 6.98836E+01	 1.07396E+02	 1.06009E+02	 9.27549E+01	 9.07364E+01	 1.31369E+02	 1.61670E+02	 1.56267E+02	 1.45187E+02	 1.63669E+02	 1.18444E+02	 1.07620E+02	 1.04621E+02	 7.18146E+01	 5.43933E+01	 5.00672E+01	 6.40847E+01	 7.14918E+01	 6.13123E+01	 6.54855E+01	 6.68297E+01	 4.03203E+01	 3.91995E+01	 3.77160E+01	 4.06845E+01	 4.65275E+01	 4.71225E+01	 4.90446E+01	 5.02860E+01	 4.69322E+01	 4.26337E+01	 4.58836E+01	 4.62388E+01	 4.19345E+01	 4.31686E+01	 4.42461E+01	 3.44210E+01	 4.50752E+01	 6.75968E+01	 7.39070E+01	 7.61823E+01	 7.77497E+01	 7.67076E+01	 8.75112E+01	 7.94618E+01	 5.93603E+01	 4.19396E+01	 4.44249E+01	 4.74667E+01	 4.78287E+01	 3.87461E+01	 4.80806E+01	 4.93547E+01	 5.72429E+01	 6.35654E+01	 6.18135E+01	 6.80691E+01	 7.31626E+01	 6.86067E+01	 9.18236E+01
 4.85131E+01	 5.02468E+01	 7.84306E+01	 8.07648E+01	 7.72984E+01	 6.54510E+01	 7.39554E+01	 1.16273E+02	 1.90857E+02	 2.34990E+02	 2.05354E+02	 1.44296E+02	 1.18480E+02	 9.58906E+01	 7.54267E+01	 5.30531E+01	 4.32705E+01	 6.19560E+01	 5.88836E+01	 5.75126E+01	 7.69298E+01	 8.85219E+01	 5.71482E+01	 4.40131E+01	 5.99410E+01	 5.73468E+01	 5.00736E+01	 4.83803E+01	 5.41989E+01	 5.35764E+01	 5.80275E+01	 4.53948E+01	 3.04249E+01	 3.99510E+01	 7.15283E+01	 7.14840E+01	 6.80377E+01	 5.82926E+01	 5.95636E+01	 6.49298E+01	 6.87530E+01	 8.45512E+01	 9.92762E+01	 8.32698E+01	 9.16756E+01	 8.85036E+01	 7.55519E+01	 5.06298E+01	 5.34282E+01	 4.49167E+01	 4.04149E+01	 4.61146E+01	 5.91957E+01	 5.44081E+01	 4.39112E+01	 4.91782E+01	 6.33890E+01	 7.31631E+01	 6.70629E+01	 7.48312E+01	 7.04055E+01
 4.57065E+01	 4.29838E+01	 5.42518E+01	 5.82347E+01	 6.01148E+01	 6.81551E+01	 6.49281E+01	 5.93098E+01	 7.93809E+01	 1.57621E+02	 1.56778E+02	 1.42977E+02	 1.14695E+02	 9.41823E+01	 6.08885E+01	 3.95142E+01	 2.45957E+01	 3.20382E+01	 4.30250E+01	 7.55541E+01	 7.69256E+01	 1.02978E+02	 8.91148E+01	 7.73366E+01	 1.13580E+02	 1.03231E+02	 6.26838E+01	 4.28938E+01	 7.19462E+01	 8.40573E+01	 8.06444E+01	 6.87422E+01	 7.08477E+01	 9.40101E+01	 1.05064E+02	 1.05920E+02	 1.01623E+02	 1.05938E+02	 8.73247E+01	 8.05491E+01	 7.27370E+01	 9.02456E+01	 1.00900E+02	 1.17645E+02	 9.01500E+01	 7.42582E+01	 7.07199E+01	 7.25843E+01	 4.24164E+01	 4.44445E+01	 4.69053E+01	 5.14012E+01	 5.27790E+01	 4.26896E+01	 3.78183E+01	 4.27402E+01	 7.18636E+01	 7.89594E+01	 8.85031E+01	 8.92678E+01	 7.49162E+01
